      Assignment         w1         w2   Data Height 

              ?-?     21.389      1.186  11299062784 
              ?-?     21.566      1.132   5416802816 
        V1CG1-HG1     20.402      0.986  47376224256 
        V1CG2-HG2     19.544      0.976  48803782656 
       V13CG1-HG1     22.824      0.944   7284071424 
       V13CG2-HG2     19.759      0.890   8290370048 
         A14CB-HB     25.191      1.193   4773071360 
       V16CG1-HG1     22.671      0.824   8512936960 
       V16CG2-HG2     18.896      0.550   7178411008 
       V17CG1-HG1     22.016      1.273  12384040960 
       V17CG2-HG2     18.268      1.005   6279344128 
         A18CB-HB     19.115      1.065   3736953856 
         A22CB-HB     18.555      1.218   8871740416 
       L26CD1-HD1     25.506      0.528   5294996480 
       L26CD2-HD2     25.347      0.739   7571189760 
       L29CD1-HD1     24.378      0.898  13786998784 
       L29CD2-HD2     25.091      0.912  18076205056 
         A33CB-HB     19.564      1.402   8381602304 
         A35CB-HB     21.782      1.716   4167236352 
       L36CD1-HD1     25.855      0.699   7524965376 
       L36CD2-HD2     24.732      0.874  12180316160 
       L37CD1-HD1     25.881      0.637   7124461568 
       L37CD2-HD2     26.655      0.809   7692962816 
         A38CB-HB     23.261      1.364   3923082752 
       V41CG1-HG1     22.965      0.790   8011100672 
       V41CG2-HG2     23.856      0.875   6819391488 
       L43CD1-HD1     25.653      0.854  15816388608 
       L43CD2-HD2     23.124      0.730  16806327296 
       L48CD1-HD1     22.850      0.288   9617093632 
       L48CD2-HD2     24.590     -0.579   5063735296 
       V49CG1-HG1     20.848      0.748  13058143232 
       V49CG2-HG2     20.370      0.739  11943177216 
       V50CG1-HG1     21.970      0.364   7148059136 
       V50CG2-HG2     20.829      0.584   8497550336 
       L55CD1-HD1     23.789      0.708  11825796096 
       L55CD2-HD2     26.154      0.788  12439336960 
       L57CD1-HD1     22.274      0.574   8351384576 
       L57CD2-HD2     25.463      0.660   8942305280 
       I58CD1-HD1     15.829      0.574   7366855680 
       V62CG1-HG1     19.700      0.105   6326097408 
       V62CG2-HG2     18.968      0.112   7397454848 
       L63CD1-HD1     25.870      1.286   6878757888 
       L63CD2-HD2     26.140      1.113   4531636736 
       V74CG1-HG1     21.450      0.926  13449949184 
       V74CG2-HG2     21.080      0.610  10700530688 
       L75CD1-HD1     25.081      0.739  11681966080 
       L75CD2-HD2     24.067      0.729  10806751232 
       L76CD1-HD1     24.746      0.285   8269928448 
       L76CD2-HD2     21.416      0.191   7137206272 
       T79CG2-HG2     20.635      0.879  15768530944 
       I80CD1-HD1     12.788      0.391   7065797632 
       I83CD1-HD1     14.088      0.715  16722065408 
         A84CB-HB     18.673      1.397   8806016000 
       V85CG1-HG1     20.852      0.857  21625630720 
       V85CG2-HG2     20.593      0.888  26689628160 
         vat85C-H     21.379      0.998   7388832768 
       T89CG2-HG2     21.361      1.098  12533217280 
       V91CG1-HG1     21.396      1.019  33735297024 
       V91CG2-HG2     20.496      0.966  26736060416 
       L93CD1-HD1     20.600      0.292   6545017856 
       L93CD2-HD2     25.015     -0.120   3720583936 
       L94CD1-HD1     26.463      0.613   6974214656 
       L94CD2-HD2     26.306      0.610   1743862912 
         A96CB-HB     23.612      1.576   6058885632 
       I97CD1-HD1     13.567      0.365   6903804928 
      T105CG2-HG2     21.894      1.269   8565691392 
        A109CB-HB     19.911      1.385  12088924160 
        A111CB-HB     18.742      1.271  11664967680 
      I118CD1-HD1     13.778      0.842   9347887104 
      L120CD1-HD1     25.248      0.009   7625060864 
      L120CD2-HD2     24.573      0.881   7872746496 
      V123CG1-HG1     21.402      0.615   8618258432 
      V123CG2-HG2     22.295      0.708   5344516096 
      L126CD1-HD1     26.671      0.400   6373801472 
      L126CD2-HD2     22.701      0.763  11937328128 
      L132CD1-HD1     23.481      0.622  13584590848 
      L132CD2-HD2     26.278      0.535  12035092480 
        A134CB-HB     18.269      0.163   3629328640 
      I136CD1-HD1     15.354      0.801   9752112128 
      L142CD1-HD1     25.177      0.480  10708707328 
      L142CD2-HD2     21.790     -0.197   5559239680 
        A145CB-HB     19.498      1.508   7721200640 
      V150CG1-HG1     23.744      1.129   4733600256 
      V150CG2-HG2     22.871      1.064   3702583808 
      I154CD1-HD1     14.108      0.275   7523047424 
      I155CD1-HD1     15.282      0.824  13065692160 
      L157CD1-HD1     27.729      0.748  12222748672 
      L157CD2-HD2     22.893      0.718  12332594176 
