      Assignment         w1         w2         w3   Data Height     Note    

      v60C2-C1-H1     20.404     19.541      0.975  15040048128 
            ?-?-?     24.603     23.563      0.924   6915537920 
      v45C2-C1-H1     20.494     21.409      1.017   6115860480 
      v45C1-C2-H2     21.409     20.498      0.963   5558504960 
      v47C1-C2-H2     20.850     20.594      0.887   3037690624 
      v47C2-C1-H1     20.591     20.853      0.857   2769385216 
            ?-?-?     18.744     18.746      1.270   2568273408 MAT Diagonal peak
            ?-?-?     19.910     19.914      1.384   2424597504 MAT Diagonal peak
      v57C2-C1-H1     20.364     20.854      0.747   2178034688 
      l22C1-C2-H2     23.119     25.649      0.853   1703845248 
            ?-?-?     19.532     19.537      0.980   1579020416 MAT Diagonal peak
      v37C1-C2-H2     20.400     20.407      0.986   1567191296 Diagonal
            ?-?-?     20.400     20.407      0.986   1567191296 Diagonal
      l22C2-C1-H1     25.645     23.125      0.728   1516324480 
      l14C1-C2-H2     25.077     24.387      0.896   1485115136 
            ?-?-?     25.077     24.387      0.896   1485115136 
            ?-?-?     18.675     18.677      1.395   1452405120 MAT Diagonal peak
      v57C1-C2-H2     20.853     20.368      0.736   1412152320 
            ?-?-?     20.853     20.368      0.736   1412152320 
      l14C2-C1-H1     24.379     25.083      0.910   1361836544 
      l43C2-C1-H1     26.278     23.480      0.621   1238131712 
      l12C1-C2-H2     24.074     25.072      0.735   1194189056 
      l37C2-C1-H1     27.735     22.899      0.715   1022846784 
      l12C2-C1-H1     25.076     24.075      0.728   1016299648 
      v55C1-C2-H2     21.079     21.459      0.925   1013000256 
      l43C1-C2-H2     23.477     26.279      0.532   1002606464 
            ?-?-?     23.477     26.279      0.532   1002606464 
            ?-?-?     19.497     19.496      1.508    997262784 MAT Diagonal peak
            ?-?-?     23.804     24.930      0.571    975301632 
      v55C2-C1-H1     21.452     21.083      0.607    942022720 
      v60C1-C2-H2     19.738     20.414      0.985    912883776 
      l37C1-C2-H2     22.891     27.735      0.747    894251520 
            ?-?-?     19.279     19.279      0.963    848794816 MAT Diagonal peak
      l16C2-C1-H1     26.156     23.798      0.703    813006336 
      l10C1-C2-H2     21.794     25.186      0.479    770383424 
            ?-?-?     18.547     18.551      1.217    761169600 MAT Diagonal peak
      l26C2-C1-H1     24.745     21.421      0.186    747445888 
      l16C1-C2-H2     23.790     26.156      0.787    706636864 
      l33C1-C2-H2     26.687     22.695      0.762    653414784 
      l26C1-C2-H2     21.422     24.744      0.283    605892224 
            ?-?-?     19.438     19.444      1.511    605540992 MAT Diagonal peak
      l20C2-C1-H1     25.861     24.735      0.872    597070080 
            ?-?-?     22.849     25.982      0.716    593491584 
            ?-?-?     24.574     26.593      0.395    577892672 
      l39C2-C1-H1     25.882     26.658      0.808    577105920 
      v49C2-C1-H1     22.293     21.419      0.612    546486464 
      l18C1-C2-H2     25.470     22.268      0.572    530597760 
            ?-?-?     23.612     23.612      1.576    527406144 MAT Diagonal peak
            ?-?-?     19.479     19.482      1.400    527150240 MAT Diagonal peak
      v63C1-C2-H2     18.899     22.679      0.823    509480000 
      v67C1-C2-H2     18.255     22.027      1.273    499144960 
      v65C2-C1-H1     19.696     18.957      0.108    490572320 
      v59C1-C2-H2     21.968     20.831      0.582    450069728 
      v63C2-C1-H1     22.668     18.899      0.547    447835616 
            ?-?-?     19.595     19.594      1.401    447400672 MAT Diagonal peak
            ?-?-?     21.362     21.366      1.094    432465120 MAT Diagonal peak
      l28C2-C1-H1     25.014     20.600      0.290    388389056 
      l35C1-C2-H2     24.547     25.253      0.006    382560576 
      v61C1-C2-H2     19.746     22.842      0.944    371244736 
      l41C1-C2-H2     25.512     25.346      0.739    370365792 Diagonal
      v67C2-C1-H1     22.011     18.256      1.002    358185152 
      l18C2-C1-H1     22.260     25.460      0.656    355867680 
      v65C1-C2-H2     18.947     19.703      0.102    352364288 
      v51C1-C2-H2     22.969     23.871      0.874    348444128 
      l24C1-C2-H2     25.869     26.143      1.111    345788672 
      l30C2-C1-H1     24.591     22.847      0.285    340117280 
            ?-?-?     24.591     22.847      0.285    340117280 
      v61C2-C1-H1     22.837     19.753      0.890    322473888 
      l30C1-C2-H2     22.848     24.585     -0.584    318923392 
            ?-?-?     18.842     18.849      1.280    315881312 Diagonal
      l10C2-C1-H1     25.184     21.804     -0.202    313989568 
      v59C2-C1-H1     20.838     21.979      0.360    288673440 
      l20C1-C2-H2     24.726     25.854      0.699    267978080 
      l33C2-C1-H1     22.698     26.699      0.397    263336480 
      l41C2-C1-H1     25.337     25.518      0.529    257304832 Diagonal
      v51C2-C1-H1     23.883     22.969      0.790    251641664 
      l35C2-C1-H1     25.248     24.564      0.876    251628448 
      l24C2-C1-H1     26.144     25.860      1.286    165116912 
      v53C2-C1-H1     22.869     23.738      1.129    164418912 
            ?-?-?     21.873     21.878      1.265    162479056 MAT Diagonal peak
            ?-?-?     21.760     21.793      1.718    154906288 Diagonal
            ?-?-?     23.242     23.260      1.362    149147536 Diagonal
            ?-?-?     20.339     20.341      0.999    144642080 MAT Diagonal peak
            ?-?-?     26.533     25.425      0.729    143484128 
            ?-?-?     18.245     18.268      0.159    136901296 Diagonal
      l39C1-C2-H2     26.682     25.870      0.633    136796800 
            ?-?-?     18.656     18.647      1.276    115390144 Diagonal
            ?-?-?     19.117     19.121      1.065    113119984 MAT Diagonal peak
            ?-?-?     25.168     25.194      1.193    105806848 Diagonal
            ?-?-?     25.209     25.219      1.193     96891280 Diagonal
      v53C1-C2-H2     23.766     22.959      1.052     90688800 
            ?-?-?     23.326     23.351      1.360     87518656 Diagonal
            ?-?-?     25.312     25.201      1.195     86801440 Diagonal
      l28C1-C2-H2     20.613     25.018     -0.129     83346008 
      v37C2-C1-H1     20.390     20.608      0.888     81586736 Diagonal
      v49C1-C2-H2     21.406     22.254      0.713     81478872 
            ?-?-?     24.714     25.886      0.752     75920576 
            ?-?-?     21.318     21.325      0.986     72843560 Diagonal
            ?-?-?     21.887     21.859      1.723     72318376 Diagonal
            ?-?-?     19.233     19.233      1.064     67015680 MAT Diagonal peak
            ?-?-?     22.842     24.180     -0.854     63899300 
